1.072 102 0.662 3.65
1.056 100 0.672 3.66
1.018 96 0.694 3.74
0.982 92 0.713 3.78
0.944 88 0.729 3.72
0.904 84 0.747 3.80
0.860 80 0.765 3.90
0.816 76 0.783 3.92
0.770 72 0.801 4.08
0.726 68 0.818 4.68
0.680 64 0.836 5.04
0.638 60.4 0.854 5.34
0.587 56 0.888 6.05
0.554 52 0.903 6.21
0.523 48 0.917 6.44
0.485 44 0.932 6.72
0.475 43 0.936 6.80
0.464 42 0.940 6.86
0.453 41 0.944 6.92
0.442 40 0.949 6.98
0.431 39 0.953 7.05
0.420 38 0.957 7.13
0.409 37 0.961 7.20
0.398 36 0.966 7.28
0.386 35 0.970 7.36
0.377 34.2 0.973 7.43
0.375 34 0.974 7.44
0.373 33.8 0.975 7.46
0.370 33.6 0.976 7.48
0.368 33.4 0.977 7.49
0.366 33.2 0.978 7.52
0.363 33 0.979 7.58
0.361 32.8 0.979 7.8
0.359 32.6 0.98 7.87
0.356 32.4 0.981 7.75
0.354 32.2 0.982 8.32
0.351 32 0.983 9.04
0.348 31.8 0.983 9.18
0.343 31.6 0.984 9.1
0.326 31.4 0.985 9.07
0.288 31.2 0.986 9.04
0.248 31 0.987 9.01
0.204 30.8 0.988 8.96
0.167 30.6 0.988 8.93
0.132 30.4 0.989 8.89
0.095 30.2 0.99 8.85
0.07 30 0.991 8.82
0.041 29.8 0.992 8.79
0.023 29.6 0.993 8.76
0.007 29.4 0.993 8.73
0.004 29.2 0.994 8.69
0.011 29 0.995 8.66
0.014 28.8 0.995 8.60
0.015 28.7 0.995 8.55
0.015 28.6 0.996 8.53 