-2.2	-0.266
-2.09	-0.265
-1.98	-0.2656
-1.87	-0.2654
-1.76	-0.2656
-1.65	-0.2655
-1.54	-0.2652
-1.43	-0.2653
-1.32	-0.2652
-1.21	-0.2658
-1.1	-0.2656
-0.99	-0.2648
-0.88	-0.2661
-0.77	-0.2653
-0.66	-0.2651
-0.55	-0.2647
-0.44	-0.2653	
-0.33	-0.2654	
-0.22	-0.2648	
-0.11	-0.2645	
0	-0.2651	-0.2651
0.11	-0.2665	-0.266137
0.22	-0.2658	-0.265074
0.33	-0.2652	-0.264111
0.44	-0.2646	-0.263148
0.55	-0.2644	-0.262585
0.66	-0.2634	-0.261222
0.77	-0.2632	-0.260659
0.88	-0.263	-0.260096
0.99	-0.2621	-0.258833
1.1	-0.2622	-0.25857
1.21	-0.2622	-0.258207
1.32	-0.2625	-0.258144
1.43	-0.2623	-0.257581
1.54	-0.2622	-0.257118
1.65	-0.2618	-0.256355
1.76	-0.2607	-0.254892
1.87	-0.2604	-0.254229
1.98	-0.26	-0.253466
2.08	-0.2588	-0.251936
2.19	-0.2568	-0.249573
2.3	-0.2553	-0.24771
2.41	-0.2542	-0.246247
2.52	-0.2516	-0.243284
2.63	-0.2492	-0.240521
2.74	-0.2464	-0.237358
2.85	-0.2439	-0.234495
2.96	-0.2413	-0.231532
3.07	-0.2369	-0.226769
3.18	-0.2344	-0.223906
3.29	-0.2307	-0.219843
3.4	-0.226	-0.21478
3.51	-0.2223	-0.210717
3.62	-0.2178	-0.205854
3.73	-0.2134	-0.201091
3.84	-0.2091	-0.196428
3.95	-0.2062	-0.193165
4.06	-0.2007	-0.187302
4.17	-0.1957	-0.181939
4.28	-0.1913	-0.177176
4.39	-0.1867	-0.172213
4.5	-0.1817	-0.16685
4.61	-0.1767	-0.161487
4.72	-0.171	-0.155424
4.83	-0.1661	-0.150161
4.94	-0.1613	-0.144998
5.05	-0.1562	-0.139535
5.16	-0.1514	-0.134372
5.27	-0.1468	-0.129409
5.38	-0.1419	-0.124146
5.49	-0.1362	-0.118083
5.6	-0.1311	-0.11262
5.71	-0.127	-0.108157
5.82	-0.1218	-0.102594
5.93	-0.117	-0.097431
6.04	-0.1122	-0.092268
6.15	-0.1066	-0.086305
6.26	-0.1031	-0.082442
6.37	-0.0982	-0.077179
6.48	-0.0929	-0.071516
6.59	-0.0892	-0.067453
6.7	-0.0839	-0.06179
6.81	-0.0799	-0.057427
6.92	-0.0757	-0.052864
7.03	-0.0717	-0.048501
7.14	-0.0667	-0.043138
7.25	-0.0634	-0.039475
7.36	-0.0584	-0.034112
7.47	-0.0541	-0.029449
7.58	-0.051	-0.025986
7.69	-0.0474	-0.022023
7.8	-0.0423	-0.01656
7.91	-0.0395	-0.013397
8.02	-0.0346	-0.008134
8.13	-0.0313	-0.004471
8.24	-0.0276	-0.000408
8.35	-0.0246	0.002955
8.46	-0.0205	0.007418
8.57	-0.0181	0.010181
8.68	-0.0148	0.013844
8.79	-0.012	0.017007
8.9	-0.008	0.02137
9.01	-0.0053	0.024433
9.12	-0.0022	0.027896
9.23	0.0003	0.030759
9.34	0.0028	0.033622
9.44	0.0049	0.036052
9.55	0.0089	0.040415
9.66	0.0118	0.043678
9.77	0.0132	0.045441
9.88	0.0161	0.048704
9.99	0.0185	0.051467
10.1	0.021	0.05433
10.21	0.0236	0.057293
10.32	0.0257	0.059756
10.43	0.0278	0.062219
10.54	0.0306	0.065382
10.65	0.0334	0.068545
10.76	0.0352	0.070708
10.87	0.0364	0.072271
10.98	0.0392	0.075434
11.09	0.041	0.077597
11.2	0.0432	0.08016
11.31	0.0458	0.083123
11.42	0.0476	0.085286
11.53	0.0487	0.086749
11.64	0.0504	0.088812
11.75	0.0523	0.091075
11.86	0.0539	0.093038
11.97	0.0552	0.094701
12.08	0.0575	0.097364
12.19	0.0582	0.098427
12.3	0.0605	0.10109
12.41	0.0622	0.103153
12.52	0.0633	0.104616
12.63	0.0646	0.106279
12.74	0.066	0.108042
12.85	0.0676	0.110005
12.96	0.068	0.110768
13.07	0.0705	0.113631
13.18	0.0711	0.114594
13.29	0.072	0.115857
13.4	0.0735	0.11772
13.51	0.0744	0.118983
13.62	0.0762	0.121146
13.73	0.0774	0.122709
13.84	0.078	0.123672
13.95	0.0788	0.124835
14.06	0.0788	0.125198
14.17	0.0798	0.126561
14.28	0.0806	0.127724
14.39	0.0824	0.129887
14.5	0.0832	0.13105
14.61	0.0834	0.131613
14.72	0.0843	0.132876
14.83	0.0851	0.134039
14.94	0.0863	0.135602
15.05	0.0868	0.136465
15.16	0.0877	0.137728
15.27	0.0878	0.138191
15.38	0.0887	0.139454
15.49	0.089	0.140117
15.6	0.0897	0.14118
15.71	0.0902	0.142043
15.82	0.0902	0.142406
15.93	0.0915	0.144069
16.04	0.0917	0.144632
16.15	0.092	0.145295
16.26	0.0927	0.146358
16.37	0.0924	0.146421
16.48	0.0933	0.147684
16.59	0.0932	0.147947
16.7	0.0942	0.14931
16.81	0.0943	0.149773
16.91	0.0946	0.150403
17.02	0.0947	0.150866
17.13	0.0944	0.150929
17.24	0.0947	0.151592
17.35	0.0951	0.152355
17.46	0.0958	0.153418
17.57	0.095	0.152981
17.68	0.0953	0.153644
17.79	0.0955	0.154207
17.9	0.0962	0.15527
18.01	0.0965	0.155933
18.12	0.0961	0.155896
18.23	0.0967	0.156859
18.34	0.0963	0.156822
18.45	0.0963	0.157185
18.56	0.0963	0.157548
18.67	0.0966	0.158211
18.78	0.0961	0.158074
18.89	0.0967	0.159037
19	0.0961	0.1588
19.11	0.0966	0.159663
19.22	0.0965	0.159926
19.33	0.0966	0.160389
19.44	0.0962	0.160352
19.55	0.0958	0.160315
19.66	0.096	0.160878
19.77	0.0957	0.160941
19.88	0.096	0.161604
19.99	0.0969	0.162867
20.1	0.0961	0.16243
20.21	0.0965	0.163193
20.32	0.0966	0.163656
20.43	0.0954	0.162819
20.54	0.0948	0.162582
20.65	0.095	0.163145
20.76	0.0952	0.163708
20.87	0.0953	0.164171
20.98	0.0948	0.164034
21.09	0.0953	0.164897
21.2	0.0951	0.16506
21.31	0.095	0.165323
21.42	0.0934	0.164086
21.53	0.0938	0.164849
21.64	0.094	0.165412
21.75	0.093	0.164775
21.86	0.093	0.165138
21.97	0.0933	0.165801
22.08	0.0923	0.165164
22.19	0.0928	0.166027
22.3	0.0926	0.16619
22.41	0.0923	0.166253
22.52	0.0928	0.167116
22.63	0.0921	0.166779
22.74	0.0918	0.166842
22.85	0.0914	0.166805
22.96	0.0909	0.166668
23.12	0.0915	0.167796
23.23	0.0912	0.167859
23.34	0.0906	0.167622
23.45	0.0907	0.168085
23.56	0.0904	0.168148
23.67	0.0899	0.168011
23.78	0.0898	0.168274
23.89	0.0899	0.168737
24	0.0887	0.1679
24.11	0.0896	0.169163
24.22	0.0896	0.169526
24.33	0.0881	0.168389
24.44	0.089	0.169652
24.55	0.0885	0.169515
24.66	0.0874	0.168778
24.77	0.0881	0.169841
24.88	0.0884	0.170504
24.99	0.0883	0.170767
25.1	0.0869	0.16973
25.21	0.0861	0.169293
25.32	0.0871	0.170656
25.43	0.0868	0.170719
25.54	0.0856	0.169882
25.65	0.0849	0.169545
25.76	0.0847	0.169708
25.87	0.084	0.169371
25.98	0.0837	0.169434
26.09	0.0833	0.169397
26.2	0.0831	0.16956
26.31	0.0832	0.170023
26.42	0.083	0.170186
26.53	0.0821	0.169649
26.64	0.0817	0.169612
26.75	0.0815	0.169775
26.86	0.0812	0.169838
26.97	0.0806	0.169601
27.08	0.0803	0.169664
27.19	0.0803	0.170027
27.3	0.0804	0.17049
27.41	0.0794	0.169853
27.52	0.0793	0.170116
27.63	0.0788	0.169979
27.74	0.0784	0.169942
27.85	0.0777	0.169605
27.95	0.0775	0.169735
28.06	0.0777	0.170298
28.17	0.0768	0.169761
28.28	0.0767	0.170024
28.39	0.0761	0.169787
28.5	0.0759	0.16995
28.61	0.0756	0.170013
28.72	0.0749	0.169676
28.83	0.0752	0.170339
28.94	0.0748	0.170302
29.05	0.0736	0.169465
29.16	0.0734	0.169628
29.27	0.0735	0.170091
29.38	0.0735	0.170454
29.49	0.0733	0.170617
29.6	0.0719	0.16958
29.71	0.0716	0.169643
29.82	0.0707	0.169106
29.93	0.0706	0.169369
30.04	0.0707	0.169832
30.15	0.0704	0.169895
30.26	0.0693	0.169158
30.37	0.0689	0.169121
30.48	0.0691	0.169684
30.59	0.0689	0.169847
30.7	0.0689	0.17021
30.81	0.0677	0.169373
30.92	0.0678	0.169836
31.03	0.067	0.169399
31.14	0.0663	0.169062
31.25	0.067	0.170125
31.36	0.0663	0.169788
31.47	0.0655	0.169351
31.58	0.0648	0.169014
31.69	0.0642	0.168777
31.8	0.0647	0.16964
31.91	0.0642	0.169503
32.02	0.0642	0.169866
32.13	0.0629	0.168929
32.24	0.0629	0.169292
32.35	0.0626	0.169355
32.46	0.0623	0.169418
32.57	0.0612	0.168681
32.68	0.0612	0.169044
32.79	0.0616	0.169807
32.9	0.0604	0.16897
33.01	0.061	0.169933
33.12	0.06	0.169296
33.23	0.0602	0.169859
33.34	0.0598	0.169822
33.45	0.0586	0.168985
33.56	0.0576	0.168348
33.67	0.0587	0.169811
33.78	0.058	0.169474
33.89	0.0571	0.168937
34	0.0569	0.1691
34.11	0.0571	0.169663
34.22	0.0559	0.168826
34.33	0.0564	0.169689
34.44	0.0551	0.168752
34.55	0.0551	0.169115
34.66	0.055	0.169378
34.77	0.0548	0.169541
34.88	0.0539	0.169004
34.99	0.0539	0.169367
35.1	0.0538	0.16963
35.21	0.0538	0.169993
35.31	0.0526	0.169123
35.42	0.0522	0.169086
35.53	0.0517	0.168949
35.64	0.0513	0.168912
35.75	0.0514	0.169375
35.86	0.0512	0.169538
35.97	0.0505	0.169201
36.08	0.05	0.169064
36.19	0.05	0.169427
36.3	0.0502	0.16999
36.41	0.049	0.169153
36.52	0.0489	0.169416
36.63	0.0488	0.169679
36.74	0.0487	0.169942
36.85	0.0481	0.169705
36.96	0.0479	0.169868
37.07	0.0475	0.169831
37.18	0.0472	0.169894
37.29	0.0471	0.170157
37.4	0.0464	0.16982
37.51	0.0454	0.169183
37.62	0.045	0.169146
37.73	0.0448	0.169309
37.84	0.0447	0.169572
37.95	0.0438	0.169035
38.06	0.0434	0.168998
38.17	0.0431	0.169061
38.28	0.0428	0.169124
38.39	0.0422	0.168887
38.5	0.0422	0.16925
38.61	0.0414	0.168813
38.72	0.0408	0.168576
38.83	0.0409	0.169039
38.94	0.0404	0.168902
39.05	0.0403	0.169165
39.16	0.0396	0.168828
39.27	0.0394	0.168991
39.38	0.0392	0.169154
39.49	0.0391	0.169417
39.6	0.0388	0.16948
39.71	0.0384	0.169443
39.82	0.0375	0.168906
39.93	0.0373	0.169069
40.04	0.0361	0.168232
40.15	0.0364	0.168895
40.26	0.0363	0.169158
40.37	0.036	0.169221
40.48	0.0359	0.169484
40.59	0.0348	0.168747
40.7	0.034	0.16831
40.81	0.0348	0.169473
40.92	0.034	0.169036
41.03	0.0336	0.168999
41.14	0.0332	0.168962
41.25	0.0329	0.169025
41.36	0.0317	0.168188
41.47	0.032	0.168851
41.58	0.0317	0.168914
41.69	0.0315	0.169077
42	0.032	0.1706
